 -4.50664781e-03 -4.55935485e+00  2.50000000e-04  9.99999000e-01  1.60811139e+21  1.60811300e+15  1.17521382e-04  1.06674594e-10  6.66000000e+00  1.38779887e+03  3.00000000e+02  3.00000000e+02  3.00000000e+02  1.35942768e+00  2.77559774e+02  5.00000000e+00  7.48062995e-11 -1.90122447e-02 -1.57966122e-07 -8.74696194e-11  5.12157677e-10  1.19647319e-11  1.51855001e-05  4.03277562e-06  6.66001928e+00  9.88439801e-04  2.52923850e-01               
 -4.25664780e-03 -4.30643100e+00  2.50000008e-04  9.99999000e-01  1.60811185e+21  1.60811346e+15  1.17521416e-04  1.06674624e-10  6.66001650e+00  1.38779847e+03  3.00000658e+02  3.00000000e+02  3.00000000e+02  1.35942776e+00  2.77560086e+02  4.99999293e+00  2.64006085e-10 -6.71081798e-02 -7.65106847e-07 -4.47390814e-10  1.80750815e-09  4.22272289e-11  1.51855313e-05  4.03279251e-06  6.66008454e+00  9.88439519e-04  2.52923930e-01               
 -4.00664775e-03 -4.05350710e+00  2.50000096e-04  9.99999000e-01  1.60811301e+21  1.60811462e+15  1.17521501e-04  1.06674701e-10  6.66005823e+00  1.38779746e+03  3.00002321e+02  3.00000000e+02  3.00000000e+02  1.35942796e+00  2.77560877e+02  4.99997506e+00  7.44211848e-10 -1.89150355e-01 -3.11866576e-06 -1.93211176e-09  5.09524362e-09  1.19034346e-10  1.51856100e-05  4.03283524e-06  6.66025037e+00  9.88438806e-04  2.52924202e-01               
 -3.75664744e-03 -3.80058294e+00  2.50000519e-04  9.99999000e-01  1.60811642e+21  1.60811803e+15  1.17521750e-04  1.06674927e-10  6.66018064e+00  1.38779449e+03  3.00007199e+02  3.00000000e+02  3.00000000e+02  1.35942855e+00  2.77563194e+02  4.99992260e+00  2.15388218e-09 -5.47246126e-01 -1.30156182e-05 -8.42023001e-09  1.47467503e-08  3.44499857e-10  1.51858410e-05  4.03296053e-06  6.66073816e+00  9.88436711e-04  2.52925166e-01               
 -3.50664627e-03 -3.54765790e+00  2.50001823e-04  9.99999000e-01  1.60812627e+21  1.60812787e+15  1.17522469e-04  1.06675580e-10  6.66053326e+00  1.38778589e+03  3.00021246e+02  3.00000002e+02  3.00000001e+02  1.35943026e+00  2.77569866e+02  4.99977145e+00  6.21564507e-09 -1.57852007e+00 -5.49882330e-05 -3.66827586e-08  4.25576761e-08  9.94189234e-10  1.51865060e-05  4.03332135e-06  6.66214778e+00  9.88430660e-04  2.52928033e-01               
 -3.25664287e-03 -3.29473062e+00  2.50004971e-04  9.99999000e-01  1.60815479e+21  1.60815640e+15  1.17524554e-04  1.06677473e-10  6.66155143e+00  1.38776099e+03  3.00061786e+02  3.00000008e+02  3.00000003e+02  1.35943518e+00  2.77589121e+02  4.99933492e+00  1.79413044e-08 -4.55424463e+00 -2.34563023e-04 -1.59808565e-07  1.22855814e-07  2.87042140e-09  1.51884252e-05  4.03436275e-06  6.66623346e+00  9.88413126e-04  2.52935705e-01               
 -3.00663466e-03 -3.04179845e+00  2.50011461e-04  9.99999000e-01  1.60823753e+21  1.60823914e+15  1.17530601e-04  1.06682961e-10  6.66449025e+00  1.38768876e+03  3.00178718e+02  3.00000034e+02  3.00000015e+02  1.35944937e+00  2.77644652e+02  4.99807489e+00  5.17529473e-08 -1.31343661e+01 -1.00729470e-03 -6.96117239e-07  3.54503981e-07  8.28753881e-09  1.51939606e-05  4.03736708e-06  6.67808228e+00  9.88362276e-04  2.52955284e-01               
 -2.75661721e-03 -2.78885695e+00  2.50023439e-04  9.99999000e-01  1.60847772e+21  1.60847933e+15  1.17548154e-04  1.06698894e-10  6.67296993e+00  1.38747913e+03  3.00515774e+02  3.00000146e+02  3.00000063e+02  1.35949020e+00  2.77804656e+02  4.99444160e+00  1.49016650e-07 -3.78522655e+01 -4.34449146e-03 -3.03123851e-06  1.02173242e-06  2.39322501e-08  1.52099128e-05  4.04603154e-06  6.71247283e+00  9.88214687e-04  2.53005185e-01               
 -2.50658358e-03 -2.53589907e+00  2.50043826e-04  9.99999000e-01  1.60917540e+21  1.60917701e+15  1.17599140e-04  1.06745175e-10  6.69741198e+00  1.38687059e+03  3.01485747e+02  3.00000628e+02  3.00000276e+02  1.35960717e+00  2.78264600e+02  4.98399937e+00  4.26878999e-07 -1.08909353e+02 -1.87790174e-02 -1.31869797e-05  2.93498341e-06  6.91510834e-08  1.52557889e-05  4.07100268e-06  6.81230690e+00  9.87786234e-04  2.53135565e-01               
 -2.25652345e-03 -2.28291439e+00  2.50076429e-04  9.99999000e-01  1.61119990e+21  1.61120151e+15  1.17747092e-04  1.06879471e-10  6.76766186e+00  1.38510777e+03  3.04265268e+02  3.00002705e+02  3.00001196e+02  1.35993835e+00  2.79578419e+02  4.95427285e+00  1.20541941e-06 -3.12061706e+02 -8.11166353e-02 -5.72118686e-05  8.35348724e-06  2.00171831e-07  1.53869961e-05  4.14285822e-06  7.10150479e+00  9.86545062e-04  2.53487082e-01               
 -2.00642220e-03 -2.02988811e+00  2.50126063e-04  9.99999000e-01  1.61703843e+21  1.61704004e+15  1.18173773e-04  1.07266772e-10  6.96793748e+00  1.38004904e+03  3.12138299e+02  3.00011590e+02  3.00005147e+02  1.36084630e+00  2.83266954e+02  4.87190269e+00  3.27594424e-06 -8.84250761e+02 -3.48089792e-01 -2.46283635e-04  2.32115778e-05  5.82421225e-07  1.57566089e-05  4.34875974e-06  7.93142719e+00  9.82983015e-04  2.54456139e-01               
 -1.75625984e-03 -1.77680000e+00  2.50198669e-04  9.99999000e-01  1.63352330e+21  1.63352493e+15  1.19378494e-04  1.08360301e-10  7.52616114e+00  1.36596392e+03  3.33742361e+02  3.00048647e+02  3.00021676e+02  1.36313303e+00  2.93151845e+02  4.65957812e+00  8.12943717e-06 -2.43105356e+03 -1.46242268e+00 -1.03744394e-03  6.11296630e-05  1.71505138e-06  1.67557445e-05  4.93107194e-06  1.02423512e+01  9.73063138e-04  2.57124804e-01               
 -1.50600979e-03 -1.52362317e+00  2.50301433e-04  9.99999000e-01  1.67734614e+21  1.67734782e+15  1.22581084e-04  1.11267304e-10  8.99218609e+00  1.32988487e+03  3.88334295e+02  3.00193088e+02  3.00086246e+02  1.36785073e+00  3.16767102e+02  4.19830489e+00  1.69699428e-05 -6.18876535e+03 -5.80705866e+00 -4.13253435e-03  1.46991185e-04  5.09550599e-06  1.91880797e-05  6.50504143e-06  1.61628730e+01  9.47640602e-04  2.64131182e-01               
 -1.25563762e-03 -1.27032280e+00  2.50442903e-04  9.99999000e-01  1.77845777e+21  1.77845954e+15  1.29970359e-04  1.17974576e-10  1.23505621e+01  1.25350073e+03  5.03044404e+02  3.00677603e+02  3.00303265e+02  1.37458647e+00  3.61415719e+02  3.46830716e+00  2.76722695e-05 -1.33787195e+04 -2.03731392e+01 -1.45834054e-02  3.12321741e-04  1.40929188e-05  2.39298897e-05  1.01994087e-05  2.87021181e+01  8.93763876e-04  2.80211485e-01               
 -1.00509961e-03 -1.01685465e+00  2.50633112e-04  9.99999000e-01  1.96277688e+21  1.96277885e+15  1.43440469e-04  1.30201445e-10  1.84686715e+01  1.13464789e+03  6.81597324e+02  3.01957863e+02  3.00877804e+02  1.38065941e+00  4.21623745e+02  2.69113850e+00  3.48349787e-05 -2.26756382e+04 -5.87482645e+01 -4.25979462e-02  5.60435166e-04  3.07904530e-05  3.05508051e-05  1.66724061e-05  4.82238435e+01  8.09832906e-04  3.09487438e-01               
 -7.54341211e-04 -7.63163533e-01  2.50883687e-04  9.99999000e-01  2.23934540e+21  2.23934764e+15  1.63652200e-04  1.48547708e-10  2.75814175e+01  9.93068414e+02  8.92192672e+02  3.04634503e+02  3.02082015e+02  1.38461345e+00  4.83071530e+02  2.05573782e+00  3.69459361e-05 -3.05691621e+04 -1.38290908e+02 -1.02973264e-01  8.60232436e-04  5.18499286e-05  3.75115912e-05  2.49788561e-05  7.14908603e+01  7.09815157e-04  3.53449324e-01               
 -5.03295377e-04 -5.09181618e-01  2.51207980e-04  9.99999000e-01  2.64072477e+21  2.64072741e+15  1.92985155e-04  1.75173339e-10  4.04241226e+01  8.40354762e+02  1.10886996e+03  3.09430233e+02  3.04251002e+02  1.38687037e+00  5.38984266e+02  1.55914526e+00  3.60916643e-05 -3.45902321e+04 -2.77931368e+02 -2.17337562e-01  1.20960338e-03  7.46102556e-05  4.39925167e-05  3.39305759e-05  9.65948400e+01  6.01926154e-04  4.17340198e-01               
 -2.51880798e-04 -2.54826645e-01  2.51621177e-04  9.99999000e-01  3.21664381e+21  3.21664703e+15  2.35073534e-04  2.13377117e-10  5.79319404e+01  6.87810949e+02  1.30460265e+03  3.17114445e+02  3.07764339e+02  1.38785709e+00  5.84829603e+02  1.17608778e+00  3.59523273e-05 -3.31964302e+04 -4.92956714e+02 -4.18077417e-01  1.71323943e-03  1.02456044e-04  4.94053789e-05  4.21956674e-05  1.21679250e+02  4.94155212e-04  5.09194623e-01               
  0.00000000e+00  0.00000000e+00  2.52140419e-04  9.99999000e-01  4.25722023e+21  4.25722448e+15  3.11119247e-04  2.82404093e-10  8.58963556e+01  5.43083583e+02  1.46154360e+03  3.28392671e+02  3.13020074e+02  1.38785111e+00  6.19006444e+02  8.77347221e-01  2.69992169e-05 -2.44442517e+04 -6.92222191e+02 -6.56870568e-01  1.90748177e-03  1.10204529e-04  5.35049476e-05  4.88803483e-05  1.41817750e+02  3.73370703e-04  6.75308527e-01               
  2.52462671e-04  2.55415323e-01  2.52784923e-04  9.99999000e-01  5.25265823e+21  5.25266348e+15  3.83866229e-04  3.48436797e-10  1.12000183e+02  4.52865822e+02  1.54455275e+03  3.40435985e+02  3.18703161e+02  1.38713244e+00  6.36177318e+02  7.11854712e-01  1.67491651e-05 -1.58123698e+04 -8.27102917e+02 -8.98257477e-01  1.55288363e-03  8.77633890e-05  5.56030502e-05  5.24314232e-05  1.53545399e+02  3.02612741e-04  8.35341308e-01               
  5.05643182e-04  5.11556882e-01  2.53576099e-04  9.99999000e-01  6.21294548e+21  6.21295170e+15  4.54044381e-04  4.12137766e-10  1.38191381e+02  3.76915629e+02  1.61118930e+03  3.53879119e+02  3.25335140e+02  1.38612902e+00  6.49520639e+02  5.80298155e-01  1.02138035e-05 -1.02315212e+04 -9.45816212e+02 -1.22894240e+00  1.17827364e-03  6.56315270e-05  5.72495414e-05  5.52762481e-05  1.68284872e+02  2.55840215e-04  9.91150273e-01               
  7.59700064e-04  7.68585061e-01  2.54537666e-04  9.99999000e-01  6.88943141e+21  6.88943830e+15  5.03482226e-04  4.57012680e-10  1.55873654e+02  3.36638483e+02  1.63890013e+03  3.67339245e+02  3.32461721e+02  1.38479190e+00  6.54766342e+02  5.14135289e-01  5.85926315e-06 -5.38913064e+03 -1.00308236e+03 -1.59104742e+00  7.70919208e-04  4.19407101e-05  5.79282286e-05  5.64632826e-05  1.74610281e+02  2.30718794e-04  1.10323767e+00               
  1.01481678e-03  1.02668547e+00  2.55695774e-04  9.99999000e-01  7.40414707e+21  7.40415447e+15  5.41097838e-04  4.91156511e-10  1.69720000e+02  3.05445682e+02  1.66043218e+03  3.80819917e+02  3.40081051e+02  1.38337290e+00  6.58715748e+02  4.63698770e-01  3.51681130e-06 -3.09452156e+03 -1.03714633e+03 -2.02171307e+00  5.09650024e-04  2.72522139e-05  5.84505387e-05  5.73824121e-05  1.82117170e+02  2.14679867e-04  1.19105614e+00               
  1.27120423e-03  1.28607148e+00  2.57079124e-04  9.99999000e-01  7.72157373e+21  7.72158145e+15  5.64295497e-04  5.12213112e-10  1.77702971e+02  2.89663764e+02  1.66706303e+03  3.93844624e+02  3.47982793e+02  1.38183308e+00  6.59662273e+02  4.39109187e-01  2.01213291e-06 -1.19412792e+03 -1.04079775e+03 -2.49120286e+00  3.09117689e-04  1.60123161e-05  5.86117777e-05  5.76671247e-05  1.84960803e+02  2.05854579e-04  1.24883850e+00               
  1.52910333e-03  1.54698681e+00  2.58719079e-04  9.99999000e-01  7.94357577e+21  7.94358372e+15  5.80519490e-04  5.26939691e-10  1.83276474e+02  2.77912911e+02  1.67129777e+03  4.06436834e+02  3.56080187e+02  1.38028333e+00  6.60129108e+02  4.20997813e-01  1.22503324e-06 -3.77069108e+02 -1.03389152e+03 -3.01075828e+00  1.96510571e-04  9.87730308e-06  5.87141500e-05  5.78481288e-05  1.87981205e+02  2.00101485e-04  1.29293933e+00               
  1.78878777e-03  1.80970836e+00  2.60649791e-04  9.99999000e-01  8.08057483e+21  8.08058292e+15  5.90531433e-04  5.36027568e-10  1.86348286e+02  2.71733175e+02  1.67049931e+03  4.18505162e+02  3.64269454e+02  1.37870572e+00  6.59594131e+02  4.11970274e-01  7.24695303e-07  2.65906954e+02 -1.01671349e+03 -3.56718166e+00  1.19684396e-04  5.70208868e-06  5.86953431e-05  5.78148626e-05  1.89161571e+02  1.96708940e-04  1.32505311e+00               
  2.05056682e-03  2.07454902e+00  2.62908315e-04  9.99999000e-01  8.17841322e+21  8.17842140e+15  5.97681499e-04  5.42517709e-10  1.88413906e+02  2.67112834e+02  1.66881063e+03  4.30104291e+02  3.72501215e+02  1.37714140e+00  6.58886547e+02  4.05400346e-01  4.63092255e-07  5.31157053e+02 -9.96524360e+02 -4.16450716e+00  7.82857305e-05  3.50958810e-06  5.86547785e-05  5.77431318e-05  1.90312693e+02  1.94355710e-04  1.35271722e+00               
  2.31478835e-03  2.34186072e+00  2.65534728e-04  9.99999000e-01  8.24535103e+21  8.24535928e+15  6.02573339e-04  5.46958051e-10  1.89581361e+02  2.64371077e+02  1.66551919e+03  4.41254084e+02  3.80732873e+02  1.37558196e+00  6.57863666e+02  4.01863017e-01  2.98635368e-07  7.27195459e+02 -9.73861809e+02 -4.79632127e+00  5.14213826e-05  2.09160622e-06  5.85755707e-05  5.76031511e-05  1.90834208e+02  1.92777882e-04  1.37741283e+00               
  2.58184183e-03  2.61203751e+00  2.68572249e-04  9.99999000e-01  8.29808098e+21  8.29808928e+15  6.06426863e-04  5.50455909e-10  1.90381689e+02  2.62200793e+02  1.66192210e+03  4.52010624e+02  3.88947375e+02  1.37404015e+00  6.56784489e+02  3.99218918e-01  2.11881682e-07  8.00984205e+02 -9.50968375e+02 -5.46343476e+00  3.70805434e-05  1.35299555e-06  5.84888215e-05  5.74499695e-05  1.91318715e+02  1.91552880e-04  1.40207889e+00               
  2.85216164e-03  2.88551881e+00  2.72067355e-04  9.99999000e-01  8.34030372e+21  8.34031206e+15  6.09512517e-04  5.53256768e-10  1.90880157e+02  2.60647470e+02  1.65783793e+03  4.62415326e+02  3.97132805e+02  1.37251102e+00  6.55611860e+02  3.97563690e-01  1.57672008e-07  8.49426138e+02 -9.28022392e+02 -6.16296152e+00  2.79962647e-05  8.87453969e-07  5.83902286e-05  5.72760352e-05  1.91599536e+02  1.90583144e-04  1.42755203e+00               
  3.12623026e-03  3.16279278e+00  2.76069901e-04  9.99999000e-01  8.37764817e+21  8.37765655e+15  6.12241663e-04  5.55734025e-10  1.91251342e+02  2.59299757e+02  1.65365736e+03  4.72516565e+02  4.05291728e+02  1.37099670e+00  6.54423390e+02  3.96226298e-01  1.28325096e-07  8.60004038e+02 -9.05645836e+02 -6.89560674e+00  2.30987423e-05  6.42627736e-07  5.82891711e-05  5.70979311e-05  1.91859414e+02  1.89733595e-04  1.45503964e+00               
  3.40458183e-03  3.44439978e+00  2.80633242e-04  9.99999000e-01  8.41157384e+21  8.41158225e+15  6.14720964e-04  5.57984495e-10  1.91523715e+02  2.58153527e+02  1.64933338e+03  4.82355139e+02  4.13428900e+02  1.36949334e+00  6.53208807e+02  3.95208277e-01  1.09698949e-07  8.62030476e+02 -8.83828479e+02 -7.65932880e+00  2.00046015e-05  4.89268248e-07  5.81845341e-05  5.69137089e-05  1.92054676e+02  1.88968359e-04  1.48508059e+00               
  3.68780563e-03  3.73093599e+00  2.85814344e-04  9.99999000e-01  8.44393818e+21  8.44394662e+15  6.17086162e-04  5.60131394e-10  1.91752715e+02  2.57081343e+02  1.64497625e+03  4.91971103e+02  4.21553494e+02  1.36799932e+00  6.51989498e+02  3.94302889e-01  9.88963929e-08  8.52904791e+02 -8.62670267e+02 -8.45321018e+00  1.82646266e-05  4.05431459e-07  5.80789692e-05  5.67280496e-05  1.92239958e+02  1.88244072e-04  1.51831790e+00               
  3.97654975e-03  4.02305709e+00  2.91673908e-04  9.99999000e-01  8.47531027e+21  8.47531874e+15  6.19378846e-04  5.62212472e-10  1.91949561e+02  2.56075218e+02  1.64056965e+03  5.01399870e+02  4.29677155e+02  1.36651106e+00  6.50761356e+02  3.93500960e-01  9.15693679e-08  8.41220778e+02 -8.42127647e+02 -9.27616025e+00  1.71227722e-05  3.51296321e-07  5.79720864e-05  5.65402745e-05  1.92404708e+02  1.87547270e-04  1.55520209e+00               
  4.27152495e-03  4.32148214e+00  2.98276488e-04  9.99999000e-01  8.50632123e+21  8.50632974e+15  6.21645139e-04  5.64269594e-10  1.92131581e+02  2.55095449e+02  1.63613875e+03  5.10675579e+02  4.37813542e+02  1.36502569e+00  6.49528666e+02  3.92739324e-01  8.66750253e-08  8.26534375e+02 -8.22184510e+02 -1.01273763e+01  1.64078502e-05  3.18593163e-07  5.78644907e-05  5.63514526e-05  1.92565002e+02  1.86863541e-04  1.59622624e+00               
  4.57350850e-03  4.62699751e+00  3.05690608e-04  9.99999000e-01  8.53721514e+21  8.53722368e+15  6.23902877e-04  5.66318952e-10  1.92303061e+02  2.54136522e+02  1.63167300e+03  5.19829154e+02  4.45977792e+02  1.36353972e+00  6.48288480e+02  3.92011474e-01  8.29030246e-08  8.11258837e+02 -8.02757026e+02 -1.10050811e+01  1.58863486e-05  2.95373142e-07  5.77559254e-05  5.61611385e-05  1.92718715e+02  1.86187332e-04  1.64184429e+00               
  4.88334824e-03  4.94046095e+00  3.13988881e-04  9.99999000e-01  8.56823720e+21  8.56824577e+15  6.26169981e-04  5.68376810e-10  1.92469464e+02  2.53185271e+02  1.62717218e+03  5.28889758e+02  4.54184360e+02  1.36204982e+00  6.47039950e+02  3.91297741e-01  7.98929597e-08  7.95326536e+02 -7.83793203e+02 -1.19086202e+01  1.54968715e-05  2.78719963e-07  5.76463817e-05  5.59693234e-05  1.92870631e+02  1.85513224e-04  1.69254177e+00               
  5.20196675e-03  5.26280583e+00  3.23248128e-04  9.99999000e-01  8.59952007e+21  8.59952867e+15  6.28456145e-04  5.70451969e-10  1.92632497e+02  2.52238057e+02  1.62262624e+03  5.37884763e+02  4.62451485e+02  1.36055249e+00  6.45780225e+02  3.90594273e-01  7.72573610e-08  7.79360685e+02 -7.65232416e+02 -1.28382675e+01  1.51690598e-05  2.65140120e-07  5.75356120e-05  5.57755804e-05  1.93020611e+02  1.84838374e-04  1.74881504e+00               
  5.53036556e-03  5.59504540e+00  3.33549497e-04  9.99999000e-01  8.63119241e+21  8.63120104e+15  6.30770771e-04  5.72552964e-10  1.92794013e+02  2.51289556e+02  1.61802750e+03  5.46840056e+02  4.70796498e+02  1.35904426e+00  6.44506935e+02  3.89894263e-01  7.48753362e-08  7.63328115e+02 -7.47017956e+02 -1.37913146e+01  1.48818863e-05  2.53658363e-07  5.74234246e-05  5.55795828e-05  1.93170213e+02  1.84160106e-04  1.81119301e+00               
  5.86962960e-03  5.93827726e+00  3.44978580e-04  9.99999000e-01  8.66335205e+21  8.66336071e+15  6.33121010e-04  5.74686285e-10  1.92954812e+02  2.50337016e+02  1.61336565e+03  5.55780135e+02  4.79235520e+02  1.35752165e+00  6.43217170e+02  3.89195169e-01  7.26335522e-08  7.47354438e+02 -7.29094442e+02 -1.47660667e+01  1.46146133e-05  2.43280333e-07  5.73095626e-05  5.53808918e-05  1.93319714e+02  1.83476476e-04  1.88023329e+00               
  6.22093165e-03  6.29368794e+00  3.57625531e-04  9.99999000e-01  8.69609540e+21  8.69610410e+15  6.35513906e-04  5.76858325e-10  1.93115677e+02  2.49377360e+02  1.60863084e+03  5.64728283e+02  4.87787151e+02  1.35598114e+00  6.41908111e+02  3.88493860e-01  7.04914641e-08  7.31405937e+02 -7.11412662e+02 -1.57613771e+01  1.43602156e-05  2.33689990e-07  5.71937792e-05  5.51790883e-05  1.93469779e+02  1.82785634e-04  1.95652976e+00               
  6.58553701e-03  6.66255750e+00  3.71585189e-04  9.99999000e-01  8.72951181e+21  8.72952054e+15  6.37955990e-04  5.79075014e-10  1.93277100e+02  2.48408186e+02  1.60381251e+03  5.73706640e+02  4.96468073e+02  1.35441925e+00  6.40576795e+02  3.87788300e-01  6.84154232e-08  7.15487745e+02 -6.93927703e+02 -1.67753482e+01  1.41126535e-05  2.24608258e-07  5.70758090e-05  5.49737233e-05  1.93620748e+02  1.82085933e-04  2.04071332e+00               
  6.96480821e-03  7.04626442e+00  3.86957192e-04  9.99999000e-01  8.76369133e+21  8.76370010e+15  6.40453842e-04  5.81342324e-10  1.93439551e+02  2.47427044e+02  1.59890020e+03  5.82736271e+02  5.05296805e+02  1.35283252e+00  6.39220273e+02  3.87076340e-01  6.63914354e-08  6.99572823e+02 -6.76598879e+02 -1.78058679e+01  1.38696300e-05  2.15933966e-07  5.69553867e-05  5.47643505e-05  1.93773044e+02  1.81375775e-04  2.13345576e+00               
  7.36020985e-03  7.44629045e+00  4.03846095e-04  9.99999000e-01  8.79872370e+21  8.79873250e+15  6.43014021e-04  5.83666207e-10  1.93603423e+02  2.46431659e+02  1.59388325e+03  5.91837176e+02  5.14290250e+02  1.35121750e+00  6.37835561e+02  3.86356098e-01  6.44088899e-08  6.83649265e+02 -6.59391724e+02 -1.88493063e+01  1.36293882e-05  2.07586217e-07  5.68322408e-05  5.45505158e-05  1.93927008e+02  1.80653622e-04  2.23547189e+00               
  7.77331364e-03  7.86422565e+00  4.22361493e-04  9.99999000e-01  8.83470042e+21  8.83470925e+15  6.45643212e-04  5.86052734e-10  1.93769093e+02  2.45419767e+02  1.58875099e+03  6.01028320e+02  5.23465323e+02  1.34957083e+00  6.36419682e+02  3.85625671e-01  6.24626616e-08  6.67705915e+02 -6.42269082e+02 -1.99033947e+01  1.33912069e-05  1.99529014e-07  5.67060985e-05  5.43317652e-05  1.94082994e+02  1.79917964e-04  2.34752264e+00               
  8.20580346e-03  8.30177361e+00  4.42618136e-04  9.99999000e-01  8.87171467e+21  8.87172354e+15  6.48348228e-04  5.88508087e-10  1.93936914e+02  2.44389168e+02  1.58349272e+03  6.10327461e+02  5.32839127e+02  1.34788918e+00  6.34969658e+02  3.84883223e-01  6.05492610e-08  6.51739266e+02 -6.25212584e+02 -2.09632396e+01  1.31546297e-05  1.91736036e-07  5.65766833e-05  5.41076422e-05  1.94241331e+02  1.79167316e-04  2.47041785e+00               
  8.65948055e-03  8.76075664e+00  4.64736048e-04  9.99999000e-01  8.90986188e+21  8.90987079e+15  6.51136041e-04  5.91038595e-10  1.94107235e+02  2.43337698e+02  1.57809777e+03  6.19751583e+02  5.42426125e+02  1.34616934e+00  6.33482533e+02  3.84126926e-01  5.86667292e-08  6.35750699e+02 -6.08203085e+02 -2.20251401e+01  1.29194722e-05  1.84191175e-07  5.64437181e-05  5.38776918e-05  1.94402351e+02  1.78400219e-04  2.60501950e+00               
  9.13626890e-03  9.24312122e+00  4.88840648e-04  9.99999000e-01  8.94923967e+21  8.94924862e+15  6.54013784e-04  5.93650733e-10  1.94280388e+02  2.42263253e+02  1.57255548e+03  6.29316190e+02  5.52242909e+02  1.34440819e+00  6.31955369e+02  3.83355004e-01  5.68136972e-08  6.19745066e+02 -5.91219579e+02 -2.30850946e+01  1.26856213e-05  1.76881409e-07  5.63069239e-05  5.36414598e-05  1.94566368e+02  1.77615235e-04  2.75224503e+00               
  9.63822065e-03  9.75094350e+00  5.15062863e-04  9.99999000e-01  8.98994782e+21  8.98995681e+15  6.56988751e-04  5.96351121e-10  1.94456701e+02  2.41163802e+02  1.56685533e+03  6.39035844e+02  5.62302925e+02  1.34260275e+00  6.30385275e+02  3.82565729e-01  5.49893273e-08  6.03726982e+02 -5.74248340e+02 -2.41361636e+01  1.24530366e-05  1.69798130e-07  5.61660227e-05  5.33984969e-05  1.94733696e+02  1.76810960e-04  2.91307090e+00               
  1.01675217e-02  1.02864349e+01  5.43539254e-04  9.99999000e-01  9.03208800e+21  9.03209704e+15  6.60068371e-04  5.99146504e-10  1.94636495e+02  2.40037408e+02  1.56098694e+03  6.48923537e+02  5.72619464e+02  1.34075019e+00  6.28769421e+02  3.81757446e-01  5.31928753e-08  5.87700080e+02 -5.57283631e+02 -2.51734565e+01  1.22216498e-05  1.62933855e-07  5.60207382e-05  5.31483615e-05  1.94904637e+02  1.75986030e-04  3.08853638e+00               
  1.07264974e-02  1.08519481e+01  5.74412129e-04  9.99999000e-01  9.07576343e+21  9.07577251e+15  6.63260188e-04  6.02043728e-10  1.94820081e+02  2.38882252e+02  1.55494026e+03  6.58991209e+02  5.83204521e+02  1.33884787e+00  6.27105074e+02  3.80928590e-01  5.14237244e-08  5.71661977e+02 -5.40325461e+02 -2.61902019e+01  1.19913826e-05  1.56284928e-07  5.58707997e-05  5.28906252e-05  1.95079489e+02  1.75139130e-04  3.27974754e+00               
  1.13176183e-02  1.14499824e+01  6.07829661e-04  9.99999000e-01  9.12107810e+21  9.12108722e+15  6.66571800e-04  6.05049691e-10  1.95007770e+02  2.37696656e+02  1.54870570e+03  6.69249181e+02  5.94068682e+02  1.33689336e+00  6.25389630e+02  3.80077706e-01  4.96811287e-08  5.55604683e+02 -5.23375388e+02 -2.71782424e+01  1.17620782e-05  1.49849171e-07  5.57159458e-05  5.26248802e-05  1.95258549e+02  1.74269016e-04  3.48788140e+00               
  1.19435061e-02  1.20831902e+01  6.43946013e-04  9.99999000e-01  9.16813591e+21  9.16814507e+15  6.70010803e-04  6.08171286e-10  1.95199868e+02  2.36479121e+02  1.54227434e+03  6.79706588e+02  6.05220339e+02  1.33488446e+00  6.23620666e+02  3.79203470e-01  4.79641557e-08  5.39516309e+02 -5.06441639e+02 -2.81308236e+01  1.15334909e-05  1.43624583e-07  5.55559291e-05  5.23507475e-05  1.95442109e+02  1.73374536e-04  3.71419026e+00               
  1.26069399e-02  1.27543831e+01  6.82921448e-04  9.99999000e-01  9.21703967e+21  9.21704888e+15  6.73584708e-04  6.11415333e-10  1.95396680e+02  2.35228346e+02  1.53563810e+03  6.90370830e+02  6.16667503e+02  1.33281926e+00  6.21795985e+02  3.78304703e-01  4.62716682e-08  5.23382140e+02 -4.89531682e+02 -2.90409245e+01  1.13052726e-05  1.37608662e-07  5.53905212e-05  5.20678850e-05  1.95630466e+02  1.72454645e-04  3.96000610e+00               
  1.33108618e-02  1.34665377e+01  7.24922454e-04  9.99999000e-01  9.26788979e+21  9.26789906e+15  6.77300854e-04  6.14788493e-10  1.95598506e+02  2.33943254e+02  1.52878998e+03  7.01247835e+02  6.28415632e+02  1.33069616e+00  6.19913665e+02  3.77380380e-01  4.46022320e-08  5.07187071e+02 -4.72657408e+02 -2.98995945e+01  1.10769462e-05  1.31796459e-07  5.52195180e-05  5.17759967e-05  1.95823916e+02  1.71508439e-04  4.22674511e+00               
  1.40583840e-02  1.42228024e+01  7.70121861e-04  9.99999000e-01  9.32078286e+21  9.32079218e+15  6.81166299e-04  6.18297172e-10  1.95805642e+02  2.32622998e+02  1.52172426e+03  7.12341745e+02  6.40468516e+02  1.32851388e+00  6.17972110e+02  3.76429605e-01  4.29537191e-08  4.90921063e+02 -4.55831492e+02 -3.06988689e+01  1.08477947e-05  1.26174640e-07  5.50427445e-05  5.14748415e-05  1.96022751e+02  1.70535172e-04  4.51591219e+00               
  1.48527944e-02  1.50265038e+01  8.18698956e-04  9.99999000e-01  9.37580982e+21  9.37581920e+15  6.85187690e-04  6.21947403e-10  1.96018351e+02  2.31266949e+02  1.51443660e+03  7.23654984e+02  6.52828015e+02  1.32627157e+00  6.15970088e+02  3.75451590e-01  4.13230253e-08  4.74582979e+02 -4.39069048e+02 -3.14294072e+01  1.06167721e-05  1.20717268e-07  5.48600578e-05  5.11642371e-05  1.96227244e+02  1.69534295e-04  4.82910527e+00               
  1.56975637e-02  1.58811529e+01  8.70839607e-04  9.99999000e-01  9.43305380e+21  9.43306324e+15  6.89371102e-04  6.25744702e-10  1.96236837e+02  2.29874651e+02  1.50692410e+03  7.35188051e+02  6.65492754e+02  1.32396879e+00  6.13906748e+02  3.74445552e-01  3.97058701e-08  4.58183370e+02 -4.22384427e+02 -3.20832592e+01  1.03824216e-05  1.15382766e-07  5.46713494e-05  5.08440637e-05  1.96437613e+02  1.68505485e-04  5.16801935e+00               
  1.65963517e-02  1.67904526e+01  9.26736378e-04  9.99999000e-01  9.49258746e+21  9.49259696e+15  6.93721844e-04  6.29693886e-10  1.96461192e+02  2.28445746e+02  1.49918533e+03  7.46939475e+02  6.78460521e+02  1.32160554e+00  6.11781627e+02  3.73410603e-01  3.80970888e-08  4.41743259e+02 -4.05791923e+02 -3.26531520e+01  1.01429195e-05  1.10116884e-07  5.44765442e-05  5.05142626e-05  1.96653968e+02  1.67448687e-04  5.53444995e+00               
  1.75530142e-02  1.77583037e+01  9.86588647e-04  9.99999000e-01  9.55447011e+21  9.55447966e+15  6.98244251e-04  6.33798892e-10  1.96691348e+02  2.26979891e+02  1.49122030e+03  7.58905594e+02  6.91725827e+02  1.31918233e+00  6.09594668e+02  3.72345598e-01  3.64917879e-08  4.25289512e+02 -3.89308485e+02 -3.31302870e+01  9.89635555e-06  1.04864565e-07  5.42756017e-05  5.01748372e-05  1.96876259e+02  1.66364151e-04  5.93029593e+00               
  1.85716099e-02  1.87888123e+01  1.05060273e-03  9.99999000e-01  9.61874525e+21  9.61875487e+15  7.02941502e-04  6.38062604e-10  1.96927039e+02  2.25476715e+02  1.48303050e+03  7.71080678e+02  7.05280529e+02  1.31670019e+00  6.07346223e+02  3.71249062e-01  3.48869383e-08  4.08849272e+02 -3.72951376e+02 -3.35081280e+01  9.64117240e-06  9.95859704e-08  5.40685173e-05  4.98258546e-05  1.97104231e+02  1.65252459e-04  6.35756183e+00               
  1.96564072e-02  1.98862968e+01  1.11899199e-03  9.99999000e-01  9.68543927e+21  9.68544896e+15  7.07815526e-04  6.42486774e-10  1.97167813e+02  2.23935880e+02  1.47461909e+03  7.83456658e+02  7.19114513e+02  1.31416070e+00  6.05037103e+02  3.70119253e-01  3.32830716e-08  3.92442267e+02 -3.56740502e+02 -3.37801349e+01  9.37668499e-06  9.42744771e-08  5.38553271e-05  4.94674531e-05  1.97337429e+02  1.64114529e-04  6.81836026e+00               
  2.08118917e-02  2.10552951e+01  1.19197696e-03  9.99999000e-01  9.75456166e+21  9.75457142e+15  7.12867017e-04  6.47072030e-10  1.97413099e+02  2.22357268e+02  1.46599120e+03  7.96023357e+02  7.33214191e+02  1.31156601e+00  6.02668653e+02  3.68954427e-01  3.16849189e-08  3.76078385e+02 -3.40694746e+02 -3.39408157e+01  9.10336534e-06  8.89633849e-08  5.36361171e-05  4.90998573e-05  1.97575266e+02  1.62951587e-04  7.31491467e+00               
  2.20427729e-02  2.23005719e+01  1.26978547e-03  9.99999000e-01  9.82610646e+21  9.82611628e+15  7.18095537e-04  6.51817978e-10  1.97662307e+02  2.20741260e+02  1.45715433e+03  8.08768047e+02  7.47563968e+02  1.30891889e+00  6.00242839e+02  3.67753258e-01  3.01005639e-08  3.59759059e+02 -3.24836484e+02 -3.39871417e+01  8.82272157e-06  8.37183800e-08  5.34110343e-05  4.87233946e-05  1.97817124e+02  1.61765122e-04  7.84956271e+00               
  2.33539920e-02  2.36271263e+01  1.35265275e-03  9.99999000e-01  9.90005356e+21  9.90006346e+15  7.23499619e-04  6.56723283e-10  1.97914942e+02  2.19089012e+02  1.44811881e+03  8.21676035e+02  7.62145805e+02  1.30622274e+00  5.97762354e+02  3.66515239e-01  2.85394316e-08  3.43481299e+02 -3.09191196e+02 -3.39158869e+01  8.53682155e-06  7.86188898e-08  5.31802982e-05  4.83385141e-05  1.98062483e+02  1.60556839e-04  8.42475947e+00               
  2.47507292e-02  2.50401988e+01  1.44082157e-03  9.99999000e-01  9.97636864e+21  9.97637861e+15  7.29076753e-04  6.61785668e-10  1.98170673e+02  2.17402624e+02  1.43889814e+03  8.34730276e+02  7.76938532e+02  1.30348159e+00  5.95230697e+02  3.65240948e-01  2.70097568e-08  3.27247100e+02 -2.93782495e+02 -3.37252425e+01  8.24758105e-06  7.37324281e-08  5.29442114e-05  4.79458006e-05  1.98310996e+02  1.59328646e-04  9.04307922e+00               
  2.62384111e-02  2.65452798e+01  1.53454233e-03  9.99999000e-01  1.00550008e+22  1.00550109e+16  7.34823222e-04  6.67001759e-10  1.98429328e+02  2.15685160e+02  1.42950904e+03  8.47911660e+02  7.91918599e+02  1.30070015e+00  5.92652189e+02  3.63932108e-01  2.55169879e-08  3.11069044e+02 -2.78636674e+02 -3.34161474e+01  7.95625644e-06  6.90984757e-08  5.27031606e-05  4.75459763e-05  1.98562488e+02  1.58082663e-04  9.70721453e+00               
  2.78227189e-02  2.81481167e+01  1.63407319e-03  9.99999000e-01  1.01358785e+22  1.01358887e+16  7.40733796e-04  6.72366810e-10  1.98690840e+02  2.13940507e+02  1.41997142e+03  8.61199032e+02  8.07060527e+02  1.29788373e+00  5.90031963e+02  3.62591385e-01  2.40633751e-08  2.94970376e+02 -2.63781010e+02 -3.29904605e+01  7.66324246e-06  6.47248513e-08  5.24576176e-05  4.71398979e-05  1.98816903e+02  1.56821266e-04  1.04199719e+01               
  2.95095956e-02  2.98547221e+01  1.73968021e-03  9.99999000e-01  1.02189038e+22  1.02189140e+16  7.46801314e-04  6.77874318e-10  1.98955147e+02  2.12173148e+02  1.41030817e+03  8.74569476e+02  8.22336267e+02  1.29503824e+00  5.87375937e+02  3.61222063e-01  2.26481098e-08  2.78985580e+02 -2.49244776e+02 -3.24519876e+01  7.36802430e-06  6.05884866e-08  5.22081356e-05  4.67285495e-05  1.99074203e+02  1.55547144e-04  1.11842633e+01               
  3.13052544e-02  3.16713819e+01  1.85163745e-03  9.99999000e-01  1.03039456e+22  1.03039559e+16  7.53016200e-04  6.83515593e-10  1.99222063e+02  2.10387877e+02  1.40054488e+03  8.87998551e+02  8.37716485e+02  1.29217012e+00  5.84690727e+02  3.59827628e-01  2.12680798e-08  2.63157948e+02 -2.35055354e+02 -3.18061059e+01  7.06933138e-06  5.66428081e-08  5.19553427e-05  4.63130284e-05  1.99334234e+02  1.54263364e-04  1.20030927e+01               
  3.32161867e-02  3.36046632e+01  1.97022707e-03  9.99999000e-01  1.03908329e+22  1.03908433e+16  7.59365957e-04  6.89279291e-10  1.99491150e+02  2.08589479e+02  1.39070952e+03  9.01460297e+02  8.53169706e+02  1.28928626e+00  5.81983585e+02  3.58411275e-01  1.99191422e-08  2.47534979e+02 -2.21242096e+02 -3.10589450e+01  6.76548799e-06  5.28305466e-08  5.16999354e-05  4.58945324e-05  1.99596592e+02  1.52973426e-04  1.28795381e+01               
  3.52491699e-02  3.56614231e+01  2.09573948e-03  9.99999000e-01  1.04793490e+22  1.04793595e+16  7.65834748e-04  6.95151036e-10  1.99761614e+02  2.06782478e+02  1.38083214e+03  9.14928021e+02  8.68663152e+02  1.28639396e+00  5.79262326e+02  3.56975534e-01  1.85979154e-08  2.32164843e+02 -2.07833783e+02 -3.02190699e+01  6.45500380e-06  4.91004898e-08  5.14426729e-05  4.54743477e-05  1.99860515e+02  1.51681302e-04  1.38167292e+01               
  3.74112764e-02  3.78488162e+01  2.22847344e-03  9.99999000e-01  1.05692299e+22  1.05692404e+16  7.72403273e-04  7.01113311e-10  2.00032296e+02  2.04971116e+02  1.37094468e+03  9.28374168e+02  8.84163558e+02  1.28350077e+00  5.76535265e+02  3.55522253e-01  1.73040400e-08  2.17089548e+02 -1.94857079e+02 -2.92956616e+01  6.13740708e-06  4.54298375e-08  5.11843720e-05  4.50538395e-05  2.00124857e+02  1.50391403e-04  1.48178247e+01               
  3.97098812e-02  4.01743042e+01  2.36873620e-03  9.99999000e-01  1.06601684e+22  1.06601791e+16  7.79049095e-04  7.07145748e-10  2.00301828e+02  2.03159602e+02  1.36108110e+03  9.41771048e+02  8.99636493e+02  1.28061451e+00  5.73811245e+02  3.54053016e-01  1.60412160e-08  2.02342022e+02 -1.82337602e+02 -2.82990285e+01  5.81375059e-06  4.18345024e-08  5.09259134e-05  4.46344587e-05  2.00388252e+02  1.49108461e-04  1.58859945e+01               
  4.21526711e-02  4.26456635e+01  2.51684359e-03  9.99999000e-01  1.07518236e+22  1.07518344e+16  7.85747294e-04  7.13225728e-10  2.00568859e+02  2.01352595e+02  1.35127744e+03  9.55090940e+02  9.15048024e+02  1.27774316e+00  5.71099644e+02  3.52569989e-01  1.48161786e-08  1.87948589e+02 -1.70295871e+02 -2.72397328e+01  5.48640784e-06  3.83595257e-08  5.06682443e-05  4.42177452e-05  2.00649340e+02  1.47837368e-04  1.70244075e+01               
  4.47476530e-02  4.52709947e+01  2.67312016e-03  9.99999000e-01  1.08438297e+22  1.08438405e+16  7.92471131e-04  7.19328980e-10  2.00832272e+02  1.99555551e+02  1.34157194e+03  9.68306325e+02  9.30363251e+02  1.27489482e+00  5.68410389e+02  3.51076537e-01  1.36359735e-08  1.73936586e+02 -1.58749037e+02 -2.61286906e+01  5.15817932e-06  3.50526639e-08  5.04123811e-05  4.38053298e-05  2.00907002e+02  1.46583020e-04  1.82362197e+01               
  4.75031627e-02  4.80587312e+01  2.83789927e-03  9.99999000e-01  1.09358004e+22  1.09358113e+16  7.99192382e-04  7.25429884e-10  2.01091195e+02  1.97774713e+02  1.33200433e+03  9.81390235e+02  9.45548438e+02  1.27207768e+00  5.65753799e+02  3.49577349e-01  1.25053992e-08  1.60342503e+02 -1.47708229e+02 -2.49770698e+01  4.83133083e-06  3.19389953e-08  5.01593920e-05  4.33989043e-05  2.01160369e+02  1.45350249e-04  1.95245573e+01               
  5.04278740e-02  5.10176481e+01  3.01152325e-03  9.99999000e-01  1.10273295e+22  1.10273406e+16  8.05881369e-04  7.31501502e-10  2.01344864e+02  1.96016678e+02  1.32261474e+03  9.94316032e+02  9.60569582e+02  1.26929986e+00  5.63140341e+02  3.48077848e-01  1.14264562e-08  1.47214739e+02 -1.37176287e+02 -2.37945420e+01  4.50728692e-06  2.90148834e-08  4.99103683e-05  4.30001748e-05  2.01408692e+02  1.44143811e-04  2.08924908e+01               
  5.35308073e-02  5.41568715e+01  3.19434350e-03  9.99999000e-01  1.11179931e+22  1.11180043e+16  8.12507099e-04  7.37515702e-10  2.01592419e+02  1.94287905e+02  1.31344215e+03  1.00705722e+03  9.75392763e+02  1.26656941e+00  5.60580281e+02  3.46583553e-01  1.03997659e-08  1.34612619e+02 -1.27146859e+02 -2.25901220e+01  4.18708723e-06  2.62603154e-08  4.96663830e-05  4.26107948e-05  2.01651129e+02  1.42968365e-04  2.23430092e+01               
  5.68213394e-02  5.74858877e+01  3.38672059e-03  9.99999000e-01  1.12073599e+22  1.12073711e+16  8.19038055e-04  7.43443875e-10  2.01832828e+02  1.92594447e+02  1.30452270e+03  1.01958675e+03  9.89983704e+02  1.26389421e+00  5.58083300e+02  3.45099821e-01  9.42669119e-09  1.22602128e+02 -1.17603175e+02 -2.13704810e+01  3.87219826e-06  2.36587709e-08  4.94284440e-05  4.22322935e-05  2.01886656e+02  1.41828345e-04  2.38790109e+01               
  6.03092119e-02  6.10145522e+01  3.58902441e-03  9.99999000e-01  1.12950129e+22  1.12950242e+16  8.25443772e-04  7.49258368e-10  2.02064963e+02  1.90942018e+02  1.29588791e+03  1.03187617e+03  1.00430599e+03  1.26128200e+00  5.55658116e+02  3.43632194e-01  8.51024679e-09  1.11255058e+02 -1.08516599e+02 -2.01406039e+01  3.56492221e-06  2.12053649e-08  4.91974465e-05  4.18660015e-05  2.02114148e+02  1.40727710e-04  2.55033241e+01               
  6.40045412e-02  6.47530999e+01  3.80163425e-03  9.99999000e-01  1.13805796e+22  1.13805910e+16  8.31697019e-04  7.54934464e-10  2.02287721e+02  1.89336200e+02  1.28756242e+03  1.04389400e+03  1.01832120e+03  1.25874039e+00  5.53311983e+02  3.42187060e-01  7.65470903e-09  1.00649428e+02 -9.98461547e+01 -1.89032417e+01  3.26829151e-06  1.89034163e-08  4.89741095e-05  4.15129560e-05  2.02332500e+02  1.39669626e-04  2.72187615e+01               
  6.79178278e-02  6.87121540e+01  4.02493897e-03  9.99999000e-01  1.14637647e+22  1.14637762e+16  8.37776214e-04  7.60452572e-10  2.02500114e+02  1.87782519e+02  1.27956149e+03  1.05560403e+03  1.03198606e+03  1.25627691e+00  5.51050137e+02  3.40772113e-01  6.86469143e-09  9.08688462e+01 -9.15406473e+01 -1.76577327e+01  2.98570552e-06  1.67569230e-08  4.87589052e-05  4.11737935e-05  2.02540724e+02  1.38656135e-04  2.90282069e+01               
  7.20599659e-02  7.29027360e+01  4.25933707e-03  9.99999000e-01  1.15443837e+22  1.15443952e+16  8.43667881e-04  7.65800459e-10  2.02701276e+02  1.86286385e+02  1.27188804e+03  1.06696325e+03  1.04525038e+03  1.25389902e+00  5.48875148e+02  3.39396648e-01  6.14436672e-09  8.19999125e+01 -8.35410569e+01 -1.64021924e+01  2.72058169e-06  1.47651155e-08  4.85519748e-05  4.08486260e-05  2.02737952e+02  1.37687844e-04  3.09347357e+01               
  7.64422528e-02  7.73362755e+01  4.50523684e-03  9.99999000e-01  1.16223959e+22  1.16224075e+16  8.49369043e-04  7.70975425e-10  2.02890428e+02  1.84852980e+02  1.26452974e+03  1.07791987e+03  1.05805656e+03  1.25161407e+00  5.46786253e+02  3.38071739e-01  5.49719333e-09  7.41230802e+01 -7.57861213e+01 -1.51332704e+01  2.47619292e-06  1.29242045e-08  4.83530456e-05  4.05369187e-05  2.02923399e+02  1.36763652e-04  3.29417706e+01               
  8.10763995e-02  8.20246204e+01  4.76305645e-03  9.99999000e-01  1.16979324e+22  1.16979441e+16  8.54889276e-04  7.75986161e-10  2.03066889e+02  1.83487195e+02  1.25745706e+03  1.08841189e+03  1.07033671e+03  1.24942936e+00  5.44778903e+02  3.36810390e-01  4.92557523e-09  6.72999919e+01 -6.82201206e+01 -1.38476197e+01  2.25545849e-06  1.12301224e-08  4.81613736e-05  4.02374091e-05  2.03096380e+02  1.35880535e-04  3.50532654e+01               
  8.59745397e-02  8.69800464e+01  5.03322411e-03  9.99999000e-01  1.17713119e+22  1.17713237e+16  8.60251878e-04  7.80853815e-10  2.03230099e+02  1.82193643e+02  1.25062273e+03  1.09836686e+03  1.08201399e+03  1.24735196e+00  5.42844586e+02  3.35627632e-01  4.43020739e-09  6.15586245e+01 -6.08010532e+01 -1.25437167e+01  2.06057302e-06  9.67955761e-09  4.79757228e-05  3.99480844e-05  2.03256327e+02  1.35033488e-04  3.72738953e+01               
  9.11492409e-02  9.22152677e+01  5.31617815e-03  9.99999000e-01  1.18430352e+22  1.18430471e+16  8.65493447e-04  7.85611606e-10  2.03379661e+02  1.80976667e+02  1.24396354e+03  1.10770303e+03  1.09300250e+03  1.24538862e+00  5.40971166e+02  3.34540320e-01  4.00925239e-09  5.68774559e+01 -5.35104446e+01 -1.12234342e+01  1.89252719e-06  8.26996279e-09  4.77944108e-05  3.96662621e-05  2.03402834e+02  1.34215704e-04  3.96092112e+01               
  9.66135135e-02  9.77434472e+01  5.61236715e-03  9.99999000e-01  1.19137488e+22  1.19137607e+16  8.70661220e-04  7.90302413e-10  2.03515367e+02  1.79840324e+02  1.23740516e+03  1.11633307e+03  1.10321186e+03  1.24354556e+00  5.39143851e+02  3.33566493e-01  3.65758219e-09  5.31721291e+01 -4.63619015e+01 -9.89455136e+00  1.75063333e-06  6.99895866e-09  4.76154355e-05  3.93887922e-05  2.03535688e+02  1.33419072e-04  4.20657037e+01               
  1.02380822e-01  1.03578207e+02  5.92225006e-03  9.99999000e-01  1.19841724e+22  1.19841844e+16  8.75807807e-04  7.94973989e-10  2.03637225e+02  1.78788325e+02  1.23087025e+03  1.12416998e+03  1.11255291e+03  1.24182823e+00  5.37346899e+02  3.32724214e-01  3.36640903e-09  5.02879020e+01 -3.94053392e+01 -8.57113985e+00  1.63222279e-06  5.86441465e-09  4.74366957e-05  3.91124046e-05  2.03654891e+02  1.32635050e-04  4.46507170e+01               
  1.08465095e-01  1.09733638e+02  6.24629635e-03  9.99999000e-01  1.20549928e+22  1.20550048e+16  8.80983383e-04  7.99671878e-10  2.03745488e+02  1.77823931e+02  1.22428971e+03  1.13113529e+03  1.12094528e+03  1.24024110e+00  5.35566007e+02  3.32029906e-01  3.12346438e-09  4.80029163e+01 -3.27262192e+01 -7.27352168e+00  1.53262037e-06  4.86430767e-09  4.72562981e-05  3.88341832e-05  2.03760690e+02  1.31855849e-04  4.73721598e+01               
  1.14880737e-01  1.16224313e+02  6.58498604e-03  9.99999000e-01  1.21267316e+22  1.21267437e+16  8.86226084e-04  8.04430697e-10  2.03840675e+02  1.76949793e+02  1.21761570e+03  1.13716850e+03  1.12832603e+03  1.23878744e+00  5.33791139e+02  3.31496311e-01  2.91387803e-09  4.60456129e+01 -2.64379305e+01 -6.02761065e+00  1.44549966e-06  3.99617861e-09  4.70729183e-05  3.85521166e-05  2.03853604e+02  1.31075821e-04  5.02379918e+01               
  1.21642635e-01  1.23065294e+02  6.93880994e-03  9.99999000e-01  1.21996102e+22  1.21996224e+16  8.91552076e-04  8.09265120e-10  2.03923581e+02  1.76167726e+02  1.21083412e+03  1.14223656e+03  1.13465957e+03  1.23746918e+00  5.32019273e+02  3.31130347e-01  2.72187468e-09  4.41267058e+01 -2.06665816e+01 -4.86195682e+00  1.36370468e-06  3.25703358e-09  4.68861508e-05  3.82656241e-05  2.03934427e+02  1.30292795e-04  5.32555153e+01               
  1.28766174e-01  1.30272146e+02  7.30826966e-03  9.99999000e-01  1.22734404e+22  1.22734526e+16  8.96947615e-04  8.14162671e-10  2.03995293e+02  1.75478441e+02  1.20397366e+03  1.14634097e+03  1.13994381e+03  1.23628683e+00  5.30256447e+02  3.30931273e-01  2.53317424e-09  4.19850892e+01 -1.55308944e+01 -3.80344522e+00  1.28049779e-06  2.64306036e-09  4.66967687e-05  3.79759330e-05  2.04004251e+02  1.29509026e-04  5.64305816e+01               
  1.36267248e-01  1.37860948e+02  7.69387779e-03  9.99999000e-01  1.23475861e+22  1.23475984e+16  9.02366210e-04  8.19081150e-10  2.04057190e+02  1.74881272e+02  1.19710707e+03  1.14952107e+03  1.14421326e+03  1.23523931e+00  5.28518134e+02  3.30889824e-01  2.33797935e-09  3.94463770e+01 -1.11205821e+01 -2.87392003e+00  1.19117776e-06  2.14883250e-09  4.65067731e-05  3.76861285e-05  2.04064458e+02  1.28731341e-04  5.97669360e+01               
  1.44162266e-01  1.45848301e+02  8.09615801e-03  9.99999000e-01  1.24210531e+22  1.24210655e+16  9.07735209e-04  8.23954610e-10  2.04110913e+02  1.74373944e+02  1.19033982e+03  1.15185168e+03  1.14753817e+03  1.23432356e+00  5.26826770e+02  3.30989149e-01  2.13491149e-09  3.64979248e+01 -7.47574957e+00 -2.08659571e+00  1.09524201e-06  1.76740300e-09  4.63190923e-05  3.74006696e-05  2.04116691e+02  1.27969931e-04  6.32660966e+01               
  1.52468168e-01  1.54251344e+02  8.51564519e-03  9.99999000e-01  1.24928096e+22  1.24928221e+16  9.12979200e-04  8.28714600e-10  2.04158349e+02  1.73952494e+02  1.18377777e+03  1.15343366e+03  1.15001743e+03  1.23353324e+00  5.25204409e+02  3.31209128e-01  1.93734708e-09  3.34091395e+01 -4.57084386e+00 -1.44383447e+00  9.99831391e-07  1.49075756e-09  4.61366929e-05  3.71240225e-05  2.04162837e+02  1.27234894e-04  6.69285359e+01               
  1.61202433e-01  1.63087760e+02  8.95288552e-03  9.99999000e-01  1.25625649e+22  1.25625775e+16  9.18076946e-04  8.33341843e-10  2.04201608e+02  1.73611555e+02  1.17745412e+03  1.15437712e+03  1.15176755e+03  1.23285491e+00  5.23655689e+02  3.31537609e-01  1.78765503e-09  3.09831349e+01 -2.30450609e+00 -9.39056539e-01  9.27326384e-07  1.31876879e-09  4.59605422e-05  3.68575849e-05  2.04204987e+02  1.26528405e-04  7.07579100e+01               
  1.70383094e-01  1.72375792e+02  9.40843663e-03  9.99999000e-01  1.26326311e+22  1.26326437e+16  9.23197406e-04  8.37989704e-10  2.04243559e+02  1.73346683e+02  1.17116399e+03  1.15477699e+03  1.15291473e+03  1.23225723e+00  5.22128485e+02  3.32000049e-01  1.78678724e-09  3.11805099e+01 -4.98502736e-01 -5.64792355e-01  9.31098946e-07  1.23249411e-09  4.57849638e-05  3.65927313e-05  2.04245995e+02  1.25826623e-04  7.47730203e+01               
  1.80028746e-01  1.82134254e+02  9.88286770e-03  9.99999000e-01  1.27123740e+22  1.27123867e+16  9.29025050e-04  8.43279477e-10  2.04286146e+02  1.73151884e+02  1.16406011e+03  1.15468302e+03  1.15360309e+03  1.23165986e+00  5.20416363e+02  3.32717987e-01  2.67989388e-09  3.76859210e+01  1.06955050e+00 -3.40780026e-01  1.40286624e-06  5.85952919e-09  4.55862380e-05  3.62938296e-05  2.04284341e+02  1.25037330e-04  7.90393372e+01               
  1.90158560e-01  1.92382540e+02  1.03767596e-02  9.99999000e-01  1.28464452e+22  1.28464581e+16  9.38823026e-04  8.52173137e-10  2.04670994e+02  1.73723947e+02  1.15408151e+03  1.15408151e+03  1.15408151e+03  1.23088327e+00  5.18017607e+02  3.35363016e-01  1.69588553e-09  2.10968615e+01  8.86847409e-01 -1.34067762e-01  8.94468763e-07  5.00571182e-09  4.53062825e-05  3.58743236e-05  2.04668308e+02  1.23732385e-04  8.38645406e+01               
